%YAML:1.0
cam0:
  T_imu_cam:
    - [-0.99837637,  0.01212317, -0.05565648,  0.10989205]
    - [ 0.05572586,  0.00546207, -0.99843117, -0.03056062]
    - [-0.01180015, -0.99991159, -0.00612877,  0.04832835]
    - [0.0, 0.0, 0.0, 1.0]

  cam_overlaps: [1]
  camera_model: pinhole
  distortion_coeffs: [-0.022892943898785763, -0.007697861700522501, 0.0003166050970541628, 0.000584215304731488]
  distortion_model: radtan
  intrinsics: [522.5159149961529, 522.9380495250383, 654.5163410138881, 352.57827647130296]
  resolution: [1280, 720]
  rostopic: /zed/image_raw
  timeshift_cam_imu: -0.03885948494333034
cam1:
  T_imu_cam:
    - [-0.99858093,  0.01099065, -0.0521089 , -0.00912465]
    - [ 0.0521781 ,  0.00610637, -0.99861913, -0.02435278]
    - [-0.01065728, -0.99992096, -0.00667118,  0.04693894]
    - [0.0, 0.0, 0.0, 1.0]
  T_cn_cnm1:
    - [0.9999930327073866, -0.0011646306536900498, 0.003546571882526682, -0.11918652864613333]
    - [0.0011666955329856358, 0.9999991510913985, -0.0005802051444479151, -0.00011914130916751825]
    - [-0.003545893147114663, 0.000584338871561656, 0.999993542574084, -1.1826548411325004e-05]
    - [0.0, 0.0, 0.0, 1.0]
  cam_overlaps: [0]
  camera_model: pinhole
  distortion_coeffs: [-0.026923121249172097, -0.005841238494626854, 0.00011085849523204347, 0.0007280757077290267]
  distortion_model: radtan
  intrinsics: [522.3872125782617, 522.3793752519603, 655.7746672344474, 359.05848846088776]
  resolution: [1280, 720]
  rostopic: /zed/image_raw2
  timeshift_cam_imu: -0.0389010602235224

