%YAML:1.0

imu0:
  T_i_b:
    - [1.0, 0.0, 0.0, 0.0]
    - [0.0, 1.0, 0.0, 0.0]
    - [0.0, 0.0, 1.0, 0.0]
    - [0.0, 0.0, 0.0, 1.0]
  accelerometer_noise_density: 0.008640402077727832
  accelerometer_random_walk: 3.6516000589399535e-04
  gyroscope_noise_density: 0.0010269426979875917
  gyroscope_random_walk: 2.7605448901617607e-06
  model: calibrated
  rostopic: /imu
  time_offset: 0.0
  update_rate: 100.0
  # how to get from Kalibr imu.yaml result file:
  #   - Tw is imu0:gyroscopes:M:
  #   - R_IMUtoGYRO: is imu0:gyroscopes:C_gyro_i:
  #   - Ta is imu0:accelerometers:M:
  #   - R_IMUtoACC not used by Kalibr
  #   - Tg is imu0:gyroscopes:A:
  Tw:
    - [ 1.0, 0.0, 0.0 ]
    - [ 0.0, 1.0, 0.0 ]
    - [ 0.0, 0.0, 1.0 ]
  R_IMUtoGYRO:
    - [ 1.0, 0.0, 0.0 ]
    - [ 0.0, 1.0, 0.0 ]
    - [ 0.0, 0.0, 1.0 ]
  Ta:
    - [ 1.0, 0.0, 0.0 ]
    - [ 0.0, 1.0, 0.0 ]
    - [ 0.0, 0.0, 1.0 ]
  R_IMUtoACC:
    - [ 1.0, 0.0, 0.0 ]
    - [ 0.0, 1.0, 0.0 ]
    - [ 0.0, 0.0, 1.0 ]
  Tg:
    - [ 0.0, 0.0, 0.0 ]
    - [ 0.0, 0.0, 0.0 ]
    - [ 0.0, 0.0, 0.0 ]
