%YAML:1.0 # need to specify the file type at the top!

cam:
  enabled: true
  max_n: 2
  use_stereo: true
  stereo_pair: [0, 1]
  do_calib_ext: true
  do_calib_int: false
  do_calib_dt: false
  n_pts: 200
  fast: 20
  grid_x: 5
  grid_y: 5
  min_px_dist: 10
  knn: 0.70
  downsample: false
  histogram_method: "CLAHE" # NONE, HISTOGRAM, CLAHE
  max_slam: 120
  max_msckf: 120
  feat_rep: "GLOBAL_3D"
  init_cov_dt: 1e-4
  init_cov_ex_o: 1e-4
  init_cov_ex_p: 1e-4
  init_cov_in_k: 1e-1
  init_cov_in_c: 1e-1
  init_cov_in_r: 1e-5
  sigma_px: 1
  chi2_mult: 1

  # ==================================================================
  # ==================================================================

# Values from calib_imu_zed_004-camchain-imucam.yaml
#
cam0:
  T_imu_cam:
    #T_ic:  (cam0 to imu0): 
    # - [-0.00564899,  0.99996882, -0.00551759,  0.06022749]
    # - [-0.02623638,  0.00536757,  0.99964136, -0.00386465]
    # - [ 0.99963981,  0.00579173,  0.02620524, -0.29770091]
    # - [ 0.        ,  0.        ,  0.        ,  1.        ]
    # T_ci:  (imu0 to cam0): 
    # - [-0.00564899,  -0.02623638,   0.99963981,   0.29783251]
    # - [ 0.99996882,   0.00536757,   0.00579173,  -0.05848066]
    # - [-0.00551759,   0.99964136,   0.02620524,   0.0119969 ]
    # - [ 0.        ,   0.        ,   0.        ,   1.        ]
    # Result of online calibration
    - [ 0.004,-0.020, 1.000, 0.282]
    - [ 1.000, 0.005,-0.004,-0.003]
    - [-0.005, 1.000, 0.020, 0.042]
    - [ 0.000, 0.000, 0.000, 1.000]
  cam_overlaps: [1]
  camera_model: pinhole
  distortion_coeffs: [-0.022892943898785763, -0.007697861700522501, 0.0003166050970541628, 0.000584215304731488]
  distortion_model: radtan
  intrinsics: [522.5159149961529, 522.9380495250383, 654.5163410138881, 352.57827647130296]
  resolution: [1280, 720]
  topic: /zed/image_raw/compressed
  timeoffset: -0.03
  compressed: true
cam1:
  T_imu_cam:
    # T_ic:  (cam1 to imu0): 
    # - [-0.01156329, -0.0281317 ,  0.99953734,  0.29557265]
    # - [ 0.99991057,  0.00639157,  0.01174749,  0.06093045]
    # - [-0.00671909,  0.99958379,  0.02805528,  0.01129493]
    # - [ 0.        ,  0.        ,  0.        ,  1.        ]
    # T_ci:  (imu0 to cam1):
    # - [-0.01156329,  0.99991057, -0.00671909, -0.05743132]
    # - [-0.0281317 ,  0.00639157,  0.99958379, -0.00336471]
    # - [ 0.99953734,  0.01174749,  0.02805528, -0.29646856]
    # - [ 0.        ,  0.        ,  0.        ,  1.        ]
    # Result of online calibration
    - [-0.009, 0.999,-0.047,-0.052]
    - [ 0.032, 0.048, 0.998,-0.162]
    - [ 0.999, 0.008,-0.032,-0.360]
    - [ 0.000, 0.000, 0.000, 1.000]
  T_cn_cnm1:
    - [0.9999817870562606, -0.0010462181604509338, -0.005943987156892034, -0.11943128353566525]
    - [0.0010349991341220986, 0.9999976779186315, -0.0018902206565352359, -0.00012512699923287313]
    - [0.00594595093764835, 0.0018840342084921536, 0.9999805478520777, 0.0008757271260883498]
    - [0.0, 0.0, 0.0, 1.0]
  cam_overlaps: [0]
  camera_model: pinhole
  distortion_coeffs: [-0.026923121249172097, -0.005841238494626854, 0.00011085849523204347, 0.0007280757077290267]
  distortion_model: radtan
  intrinsics: [522.3872125782617, 522.3793752519603, 655.7746672344474, 359.05848846088776]
  resolution: [1280, 720]
  topic: /zed/image_raw2/compressed
  timeoffset: -0.03
  compressed: true
