%YAML:1.0 # need to specify the file type at the top!

cam:
  enabled: true
  max_n: 2
  use_stereo: true
  stereo_pair: [0, 1]
  do_calib_ext: false
  do_calib_int: false
  do_calib_dt: false
  n_pts: 100
  fast: 20
  grid_x: 20
  grid_y: 20
  min_px_dist: 10
  knn: 0.70
  downsample: false
  histogram_method: "CLAHE" # NONE, HISTOGRAM, CLAHE
  max_slam: 120
  max_msckf: 120
  feat_rep: "GLOBAL_3D"
  init_cov_dt: 1e-4
  init_cov_ex_o: 1e-4
  init_cov_ex_p: 1e-4
  init_cov_in_k: 1e-1
  init_cov_in_c: 1e-1
  init_cov_in_r: 1e-5
  sigma_px: 1
  chi2_mult: 1

  # ==================================================================
  # ==================================================================

cam0:
  T_imu_cam:
    - [-1.000, 0.001, 0.020, 0.020]
    - [-0.020,-0.004,-1.000,-0.111]
    - [-0.001,-1.000, 0.004, 0.038]
    - [ 0.000, 0.000, 0.000, 1.000]
  cam_overlaps: [1]
  camera_model: pinhole
  distortion_coeffs: [-0.0563235, 0.0313255, 0.00019802, -0.000175828, -0.012571]
  distortion_model: radtan
  intrinsics: [535.235, 535.51, 642.675, 354.7465]
  resolution: [1280, 720]
  topic: /zed/left/image_raw
  timeoffset: -0.015
  compressed: false

cam1:
  T_imu_cam:
    - [-1.000,-0.000, 0.024,-0.104]
    - [-0.024,-0.001,-1.000,-0.121]
    - [ 0.000,-1.000, 0.001, 0.037]
    - [ 0.000, 0.000, 0.000, 1.000]
  T_cn_cnm1:
    - [0.9999836097161154, -0.0012990731712661104, 0.0055760835739236524, 0.119782]
    - [0.0013090511868552913, 0.9999975480160502, -0.0017861542143542514, -0.00020795900000000002]
    - [-0.0055737495564366114, 0.0017934243176000798, 0.999982858325631, 0.000447725]
    - [0.0, 0.0, 0.0, 1.0]
  cam_overlaps: [0]
  camera_model: pinhole
  distortion_coeffs: [-0.0526495, 0.0235335, 0.000350472, 0.000447492, -0.00913548]
  distortion_model: radtan
  intrinsics: [533.36, 533.705, 643.02, 362.2895]
  resolution: [1280, 720]
  topic: /zed/right/image_raw
  timeoffset: -0.015
  compressed: true
