
cam0:
  T_imu_cam:
    - [ 0., 1., 0., 0.0]
    - [ 0., 0., 1., 0.0]
    - [ 1., 0., 0., 0.0]
    - [ 0., 0., 0., 1.0]
  cam_overlaps: [1]
  camera_model: pinhole
  distortion_coeffs: [-0.022892943898785763, -0.007697861700522501, 0.0003166050970541628, 0.000584215304731488, 0.0]
  distortion_model: radtan
  intrinsics: [522.5159149961529, 522.9380495250383, 654.5163410138881, 352.57827647130296]
  resolution: [1280, 720]
  topic: /image_raw
  timeoffset: -0.03
  compressed: true

# cam1:
#   T_imu_cam:
#     - [-0.026, 0.013, 1.000, 0.458]
#     - [-1.000,-0.010,-0.026,-0.050]
#     - [ 0.009,-1.000, 0.013,-0.818]
#     - [ 0.000, 0.000, 0.000, 1.000]
#   T_cn_cnm1:
#     - [0.9999817870562606, -0.0010462181604509338, -0.005943987156892034, -0.11943128353566525]
#     - [0.0010349991341220986, 0.9999976779186315, -0.0018902206565352359, -0.00012512699923287313]
#     - [0.00594595093764835, 0.0018840342084921536, 0.9999805478520777, 0.0008757271260883498]
#     - [0.0, 0.0, 0.0, 1.0]

#   cam_overlaps: [0]
#   camera_model: pinhole
#   distortion_coeffs: [-0.026923121249172097, -0.005841238494626854, 0.00011085849523204347, 0.0007280757077290267]
#   distortion_model: radtan
#   intrinsics: [522.3872125782617, 522.3793752519603, 655.7746672344474, 359.05848846088776]
#   resolution: [1280, 720]
#   topic: /zed/image_raw2
#   timeoffset: -0.03
#   compressed: true
