
cam0:
  T_imu_cam:
    # - [-0.031, 0.014, 0.999, 0.309]
    # - [-0.999,-0.011,-0.030, 0.05]
    # - [ 0.011,-1.000, 0.014,-0.827]
    # - [ 0.000, 0.000, 0.000, 1.000]

    # - [ 0., 1., 0., 0.0]
    # - [ 0., 0., 1., 0.0]
    # - [ 1., 0., 0., 0.0]
    # - [ 0., 0., 0., 1.0]
    - [ 1., 0., 0., 0.0]
    - [ 0., 1., 0., 0.0]
    - [ 0., 0., 1., 0.0]
    - [ 0., 0., 0., 1.0]
  cam_overlaps: [1]

  camera_model: pinhole
  distortion_coeffs: [-0.022892943898785763, -0.007697861700522501, 0.0003166050970541628, 0.000584215304731488, 0.0]
  distortion_model: radtan
  intrinsics: [522.5159149961529, 522.9380495250383, 654.5163410138881, 352.57827647130296]
  resolution: [1280, 720]
  topic: /camera_a/image_raw/compressed
  timeoffset: -0.03
  compressed: true

# cam1:
#   T_imu_cam:
#     - [ 1., 0., 0., 0.0]
#     - [ 0., 1., 0., 0.12]
#     - [ 0., 0., 1., 0.0]
#     - [ 0., 0., 0., 1.0]

#   cam_overlaps: [0]
#   camera_model: pinhole
#   distortion_coeffs: [-0.026923121249172097, -0.005841238494626854, 0.00011085849523204347, 0.0007280757077290267]
#   distortion_model: radtan
#   intrinsics: [522.3872125782617, 522.3793752519603, 655.7746672344474, 359.05848846088776]
#   resolution: [1280, 720]
#   topic: /image_raw2
#   timeoffset: -0.03
#   compressed: false
