[LEFT_CAM_2K]
fx=1070.47
fy=1071.02
cx=1112.35
cy=613.493
k1=-0.0563235
k2=0.0313255
p1=0.00019802
p2=-0.000175828
k3=-0.012571

[RIGHT_CAM_2K]
fx=1066.72
fy=1067.41
cx=1113.04
cy=628.579
k1=-0.0526495
k2=0.0235335
p1=0.000350472
p2=0.000447492
k3=-0.00913548

[LEFT_CAM_FHD]
fx=1070.47
fy=1071.02
cx=968.35
cy=532.493
k1=-0.0563235
k2=0.0313255
p1=0.00019802
p2=-0.000175828
k3=-0.012571

[RIGHT_CAM_FHD]
fx=1066.72
fy=1067.41
cx=969.04
cy=547.579
k1=-0.0526495
k2=0.0235335
p1=0.000350472
p2=0.000447492
k3=-0.00913548

[LEFT_CAM_HD]
fx=535.235
fy=535.51
cx=642.675
cy=354.7465
k1=-0.0563235
k2=0.0313255
p1=0.00019802
p2=-0.000175828
k3=-0.012571

[RIGHT_CAM_HD]
fx=533.36
fy=533.705
cx=643.02
cy=362.2895
k1=-0.0526495
k2=0.0235335
p1=0.000350472
p2=0.000447492
k3=-0.00913548

[LEFT_CAM_VGA]
fx=267.6175
fy=267.755
cx=336.8375
cy=184.87325
k1=-0.0563235
k2=0.0313255
p1=0.00019802
p2=-0.000175828
k3=-0.012571

[RIGHT_CAM_VGA]
fx=266.68
fy=266.8525
cx=337.01
cy=188.64475
k1=-0.0526495
k2=0.0235335
p1=0.000350472
p2=0.000447492
k3=-0.00913548

[LEFT_DISTO]
k1=-0.96621
k2=2.39461
k3=0.128804
k4=-0.867023
k5=2.24731
k6=0.293156
p1=0.000256299
p2=0.000141135

[RIGHT_DISTO]
k1=-1.17846
k2=2.44431
k3=0.125866
k4=-1.08429
k5=2.29504
k6=0.290327
p1=0.000391553
p2=0.000403946

[STEREO]
Baseline=119.782
TY=-0.207959
TZ=0.447725
CV_2K=0.00557495
CV_FHD=0.00557495
CV_HD=0.00557495
CV_VGA=0.00557495
RX_2K=0.0017898
RX_FHD=0.0017898
RX_HD=0.0017898
RX_VGA=0.0017898
RZ_2K=0.00130407
RZ_FHD=0.00130407
RZ_HD=0.00130407
RZ_VGA=0.00130407

[MISC]
Sensor_ID=0
