%YAML:1.0 # need to specify the file type at the top!

cam:
  enabled: true
  max_n: 2
  use_stereo: true
  stereo_pair: [0, 1]
  do_calib_ext: false
  do_calib_int: false
  do_calib_dt: false
  n_pts: 500
  fast: 50
  grid_x: 150
  grid_y: 150
  min_px_dist: 10
  knn: 0.70
  downsample: false
  histogram_method: "NONE" # NONE, HISTOGRAM, CLAHE
  max_slam: 120
  max_msckf: 120
  feat_rep: "GLOBAL_3D"
  init_cov_dt: 1e-4
  init_cov_ex_o: 1e-4
  init_cov_ex_p: 1e-4
  init_cov_in_k: 1e-3
  init_cov_in_c: 1e-3
  init_cov_in_r: 1e-5
  sigma_px: 1
  chi2_mult: 1

  # ==================================================================
  # ==================================================================

cam0:
  T_imu_cam:
    - [-0.99837637,  0.01212317, -0.05565648,  0.10989205]
    - [ 0.05572586,  0.00546207, -0.99843117, -0.03056062]
    - [-0.01180015, -0.99991159, -0.00612877,  0.04832835]
    - [0.0, 0.0, 0.0, 1.0]
  cam_overlaps: [1]
  camera_model: pinhole
  distortion_coeffs: [-0.022892943898785763, -0.007697861700522501, 0.0003166050970541628, 0.000584215304731488]
  distortion_model: radtan
  intrinsics: [522.5159149961529, 522.9380495250383, 654.5163410138881, 352.57827647130296]
  resolution: [1280, 720]
  topic: /zed/image_raw/compressed
  timeoffset: -0.03885948494333034
  compressed: true
cam1:
  T_imu_cam:
    - [-0.99858093,  0.01099065, -0.0521089 , -0.00912465]
    - [ 0.0521781 ,  0.00610637, -0.99861913, -0.02435278]
    - [-0.01065728, -0.99992096, -0.00667118,  0.04693894]
    - [0.0, 0.0, 0.0, 1.0]
  T_cn_cnm1:
    - [0.9999930327073866, -0.0011646306536900498, 0.003546571882526682, -0.11918652864613333]
    - [0.0011666955329856358, 0.9999991510913985, -0.0005802051444479151, -0.00011914130916751825]
    - [-0.003545893147114663, 0.000584338871561656, 0.999993542574084, -1.1826548411325004e-05]
    - [0.0, 0.0, 0.0, 1.0]
  cam_overlaps: [0]
  camera_model: pinhole
  distortion_coeffs: [-0.026923121249172097, -0.005841238494626854, 0.00011085849523204347, 0.0007280757077290267]
  distortion_model: radtan
  intrinsics: [522.3872125782617, 522.3793752519603, 655.7746672344474, 359.05848846088776]
  resolution: [1280, 720]
  topic: /zed/image_raw2/compressed
  timeoffset: -0.0389010602235224
  compressed: true

cam2:
  T_imu_cam:
    - [-0.99707432,  0.00069327, -0.07643502,  0.05173386]
    - [ 0.06616094,  0.50863173, -0.8584384 , -0.08206901]
    - [ 0.03828215, -0.8609839 , -0.50718951, -0.05467182]
    - [ 0.        ,  0.        ,  0.        ,  1.        ]
  camera_model: pinhole
  distortion_coeffs: [0.08211577066900125, -0.10300061746475823, 0.006492948043126982, 0.0021805000872208626]
  distortion_model: radtan
  intrinsics: [1387.311732740783, 1381.8288885315571, 969.9950639501955, 567.3677714851017]
  resolution: [1920, 1056]
  topic: /camera_a/image_raw/compressed
  timeoffset: -0.10788935818858476
  compressed: true

cam3:
  T_imu_cam:
    - [ 0.05021154,  0.50526122, -0.86150444, -0.07467174]
    - [ 0.99873849, -0.02581935,  0.04306731,  0.0034204 ]
    - [-0.00048325, -0.86258012, -0.50592026, -0.05214582]
    - [0.0, 0.0, 0.0, 1.0]
  camera_model: pinhole
  distortion_coeffs: [0.0700757414733251, -0.08244745580516383, 0.0047371547210099275, 0.004442803205025412]
  distortion_model: radtan
  intrinsics: [1369.7528484952707, 1374.1451121454097, 983.3331641288524, 533.0652042974931]
  resolution: [1920, 1056]
  topic: /camera_b/image_raw/compressed
  timeoffset: -0.11540524563471342
  compressed: true

    
cam4:
  T_imu_cam:
    - [-0.04558604, -0.46696654,  0.88309918,  0.19248156]
    - [-0.99845002, -0.00695682, -0.05521915, -0.00269055]
    - [ 0.03192906, -0.88424762, -0.46592562, -0.04788938]
    - [ 0.        ,  0.        ,  0.        ,  1.        ]
  cam_overlaps: []
  camera_model: pinhole
  distortion_coeffs: [0.10090377575076466, -0.13327619776029065, 0.002661755402250222, 0.0037524987110900718]
  distortion_model: radtan
  intrinsics: [1364.9875630495994, 1366.2487050982486, 977.5893617861493, 529.3427366471428]
  resolution: [1920, 1056]
  topic: /camera_c/image_raw/compressed
  timeoffset: -0.11606182221435031
  compressed: true